[HROT]
volume=0.748917758464813
effects=1
music=0.80
fov=75
mouse_speed=0.26
mouse_speedX=0.82
mouse_speedY=0.88
mouse_invert=0
fullscreen=1
vsync=0
screen_shake=1
fps_cap=2
fps_cap_value=150
GL_HROT=0
brightness=3.20000004768372
color=1.23000001907349
resolution=1
hud_scale=1.70000004768372
crosshair_scale=1.35000002384186
crosshair=2
gamma=1.3
weapon_position=0.00893103331327438
weapon_scale=1
vertex_jittering=0.5
grow_crosshair=1
show_messages=3
show_all_ammo=1
show_level_stat=0
tutorial=1
center_messages=1
show_secret_notification=1
switch_on_pickup=2
switch_dangerous=0
heartbeat=0
arachnophobia=0
strafe_tilting=1
language=0
subtitles=1
use_raw_input=1
disable_raw_input=0
window_width=1024
window_height=768
window_pos_x=171
window_pos_y=0
key_forward=87
key_backpedal=83
key_step_left=65
key_step_right=68
key_use=69
key_flashlight=70
key_automap=9
key_attack=1
key_zoom=4
key_prev=134
key_new=135
key_jump=32
key_grenade=71
key_medkit=0
key_quicksave=117
key_quickload=120
key_last_weapon=6
key_slot0=77
key_slot1=49
key_slot2=50
key_slot3=51
key_slot4=67
key_slot5=81
key_slot6=54
key_slot7=86
key_slot8=56
key_slot9=88
reverse_stereo=0
show_hud=1
disable_gamepad=1
gamepad_invert=0
aim_x=6
aim_y=4
vibration=1
vibration_scale=1.5
explo_shake=1
music_volume=0.699999988079071
music_vol=0.748917758464813
key_melee=160
show_weapon=1
screenflash=1
minimap_size=2
[STAT]
stat_roadkill=68
stat_endless=1
e1_progress=7
stat_kill=2011
stat_0_0=56106
stat_0_1=67
stat_0_2=67
stat_0_3=4
stat_0_4=9
stat_0_5=1
stat_1_0=12791
stat_1_1=49
stat_1_2=49
stat_1_3=6
stat_1_4=6
stat_1_5=1
stat_2_0=33512
stat_2_1=63
stat_2_2=63
stat_2_3=6
stat_2_4=6
stat_2_5=1
stat_5_0=52604
stat_5_1=66
stat_5_2=66
stat_5_3=1
stat_5_4=4
stat_5_5=1
stat_7_0=53893
stat_7_1=59
stat_7_2=59
stat_7_3=1
stat_7_4=5
stat_7_5=1
stat_8_0=49611
stat_8_1=67
stat_8_2=67
stat_8_3=2
stat_8_4=5
stat_8_5=1
stat_9_0=42077
stat_9_1=58
stat_9_2=60
stat_9_3=2
stat_9_4=4
stat_9_5=1
stat_10_0=41689
stat_10_1=60
stat_10_2=60
stat_10_3=1
stat_10_4=4
stat_10_5=1
stat_20_0=56489
stat_20_1=55
stat_20_2=55
stat_20_3=8
stat_20_4=8
stat_20_5=1
stat_23_0=70240
stat_23_1=64
stat_23_2=64
stat_23_3=9
stat_23_4=9
stat_23_5=1
stat_26_0=49676
stat_26_1=64
stat_26_2=66
stat_26_3=2
stat_26_4=6
stat_26_5=1
digihra=1
stat_0_6=-1
stat_1_6=3
stat_2_6=3
stat_5_6=-1
stat_7_6=-1
stat_8_6=-1
stat_9_6=3
stat_10_6=-1
stat_20_6=4
stat_23_6=4
stat_26_6=4
stat_b0=1
stat_b1=1
stat_b2=1
stat_b3=1
stat_b4=1
stat_b5=0
stat_b6=1
stat_b7=1
stat_b8=1
stat_b9=1
stat_b10=1
stat_b11=1
stat_b12=1
stat_b13=1
stat_b14=1
stat_b15=1
stat_b16=0
stat_b17=1
stat_b18=1
stat_b19=0
stat_b20=0
stat_b21=1
stat_b22=1
stat_b23=1
stat_b24=1
stat_b25=1
stat_b26=1
stat_b27=1
stat_b28=1
stat_b29=0
stat_b30=1
stat_b31=1
stat_b32=1
stat_b33=1
stat_b34=0
stat_b35=0
stat_b36=0
stat_b37=0
stat_m_a=95
stat_m=10
stat_27_0=0
stat_27_1=0
stat_27_2=0
stat_27_3=0
stat_27_4=0
stat_27_5=1
stat_27_6=-1
stat_28_0=55995
stat_28_1=59
stat_28_2=59
stat_28_3=2
stat_28_4=6
stat_28_5=1
stat_28_6=4
[CMD]
console0=
console1=quit
console2=mouse
console3=help
console4=
console5=
